stop_id,stop_code,stop_name,stop_desc,stop_lat,stop_lon,zone_id,stop_url,location_type,parent_station,stop_timezone,wheelchair_boarding
1001,TS-01,浅草,,35.71192,139.79835,1001,,0,,,
1002,TS-02,とうきょうスカイツリー,,35.71047,139.80939,1002,,0,,,
1003,TS-03,押上(スカイツリー前),,35.71022,139.81241,1003,,0,,,
1004,TS-04,曳舟,,35.71851,139.81667,1004,,0,,,
1005,TS-05,東向島,,35.72436,139.81933,1005,,0,,,
1006,TS-06,鐘ヶ淵,,35.73376,139.82037,1006,,0,,,
1007,TS-07,堀切,,35.74334,139.81738,1007,,0,,,
1008,TS-08,牛田,,35.74454,139.81177,1008,,0,,,
1009,TS-09,北千住,,35.74981,139.80556,1009,,0,,,
1010,TS-10,小菅,,35.75869,139.81265,1010,,0,,,
1011,TS-11,五反野,,35.76590,139.80963,1011,,0,,,
1012,TS-12,梅島,,35.77235,139.79807,1012,,0,,,
1013,TS-13,西新井,,35.77728,139.79037,1013,,0,,,
1014,TS-14,竹ノ塚,,35.79437,139.79072,1014,,0,,,
1015,TS-15,谷塚,,35.81486,139.80146,1015,,0,,,
1016,TS-16,草加,,35.82838,139.80346,1016,,0,,,
1017,TS-17,獨協大学前<草加松原>,,35.84330,139.80067,1017,,0,,,
1018,TS-18,新田,,35.85411,139.79542,1018,,0,,,
1019,TS-19,蒲生,,35.86689,139.79176,1019,,0,,,
1020,TS-20,新越谷,,35.87556,139.78981,1020,,0,,,
1021,TS-21,越谷,,35.88753,139.78624,1021,,0,,,
1022,TS-22,北越谷,,35.90172,139.77987,1022,,0,,,
1023,TS-23,大袋,,35.92460,139.77794,1023,,0,,,
1024,TS-24,せんげん台,,35.93596,139.77459,1024,,0,,,
1025,TS-25,武里,,35.94908,139.77071,1025,,0,,,
1026,TS-26,一ノ割,,35.96487,139.76604,1026,,0,,,
1027,TS-27,春日部,,35.98007,139.75279,1027,,0,,,
1028,TS-28,北春日部,,35.98994,139.74432,1028,,0,,,
1029,TS-29,姫宮,,36.00442,139.73869,1029,,0,,,
1030,TS-30,東武動物公園,,36.02470,139.72689,1030,,0,,,
1101,TS-30,東武動物公園,,36.02470,139.72689,1101,,0,,,
1102,TI-01,和戸,,36.03964,139.70110,1102,,0,,,
1103,TI-02,久喜,,36.06555,139.67761,1103,,0,,,
1104,TI-03,鷲宮,,36.09633,139.65696,1104,,0,,,
1105,TI-04,花崎,,36.10994,139.63359,1105,,0,,,
1106,TI-05,加須,,36.12295,139.59556,1106,,0,,,
1107,TI-06,南羽生,,36.14962,139.55696,1107,,0,,,
1108,TI-07,羽生,,36.17007,139.53403,1108,,0,,,
1109,TI-08,川俣,,36.20888,139.52651,1109,,0,,,
1110,TI-09,茂林寺前,,36.22635,139.52705,1110,,0,,,
1111,TI-10,館林,,36.24662,139.52781,1111,,0,,,
1112,TI-11,多々良,,36.27368,139.50032,1112,,0,,,
1113,TI-12,県,,36.29062,139.47236,1113,,0,,,
1114,TI-13,福居,,36.30521,139.45867,1114,,0,,,
1115,TI-14,東武和泉,,36.31565,139.45509,1115,,0,,,
1116,TI-15,足利市,,36.32944,139.44818,1116,,0,,,
1117,TI-16,野州山辺,,36.32629,139.43201,1117,,0,,,
1118,TI-17,韮川,,36.30822,139.40251,1118,,0,,,
1119,TI-18,太田,,36.29421,139.37877,1119,,0,,,
1120,TI-19,細谷,,36.28297,139.34899,1120,,0,,,
1121,TI-20,木崎,,36.27139,139.31300,1121,,0,,,
1122,TI-21,世良田,,36.27294,139.28197,1122,,0,,,
1123,TI-22,境町,,36.27716,139.25626,1123,,0,,,
1124,TI-23,剛志,,36.29542,139.22388,1124,,0,,,
1125,TI-24,新伊勢崎,,36.31809,139.20182,1125,,0,,,
1126,TI-25,伊勢崎,,36.32642,139.19495,1126,,0,,,
1201,TS-13,西新井,,35.77728,139.79037,1201,,0,,,
1202,TS-51,大師前,,35.77895,139.78165,1202,,0,,,
1301,TS-04,曳舟,,35.71851,139.81667,1301,,0,,,
1302,TS-41,小村井,,35.71032,139.82761,1302,,0,,,
1303,TS-42,東あずま,,35.70738,139.83160,1303,,0,,,
1304,TS-43,亀戸水神,,35.69994,139.83339,1304,,0,,,
1305,TS-44,亀戸,,35.69773,139.82720,1305,,0,,,
1401,TI-10,館林,,36.24662,139.52781,1401,,0,,,
1402,TI-31,渡瀬,,36.26184,139.53748,1402,,0,,,
1403,TI-32,田島,,36.29022,139.56491,1403,,0,,,
1404,TI-33,佐野市,,36.30624,139.57590,1404,,0,,,
1405,TI-34,佐野,,36.31684,139.57913,1405,,0,,,
1406,TI-35,堀米,,36.32844,139.58033,1406,,0,,,
1407,TI-36,吉水,,36.34562,139.57935,1407,,0,,,
1408,TI-37,田沼,,36.36707,139.58191,1408,,0,,,
1409,TI-38,多田,,36.37808,139.59296,1409,,0,,,
1410,TI-39,葛生,,36.39788,139.60928,1410,,0,,,
1501,TI-10,館林,,36.24662,139.52781,1501,,0,,,
1502,TI-41,成島,,36.24908,139.50557,1502,,0,,,
1503,TI-42,本中野,,36.25845,139.46954,1503,,0,,,
1504,TI-43,篠塚,,36.25681,139.44609,1504,,0,,,
1505,TI-44,東小泉,,36.25972,139.42856,1505,,0,,,
1506,TI-45,小泉町,,36.26153,139.42025,1506,,0,,,
1507,TI-46,西小泉,,36.25866,139.40851,1507,,0,,,
1508,TI-47,竜舞,,36.27885,139.40910,1508,,0,,,
1509,TI-18,太田,,36.29421,139.37877,1509,,0,,,
1601,TI-18,太田,,36.29421,139.37877,1601,,0,,,
1602,TI-51,三枚橋,,36.31340,139.35497,1602,,0,,,
1603,TI-52,治良門橋,,36.33302,139.34137,1603,,0,,,
1604,TI-53,藪塚,,36.35872,139.31582,1604,,0,,,
1605,TI-54,阿左美,,36.38509,139.30653,1605,,0,,,
1606,TI-55,新桐生,,36.39505,139.32009,1606,,0,,,
1607,TI-56,相老,,36.41064,139.30392,1607,,0,,,
1608,TI-57,赤城,,36.42562,139.27678,1608,,0,,,
1701,TS-30,東武動物公園,,36.02470,139.72689,1701,,0,,,
1702,TN-01,杉戸高野台,,36.05135,139.71454,1702,,0,,,
1703,TN-02,幸手,,36.07407,139.71491,1703,,0,,,
1704,TN-03,南栗橋,,36.11314,139.71283,1704,,0,,,
1705,TN-04,栗橋,,36.13785,139.69403,1705,,0,,,
1706,TN-05,新古河,,36.19270,139.68702,1706,,0,,,
1707,TN-06,柳生,,36.20659,139.65995,1707,,0,,,
1708,TN-07,板倉東洋大前,,36.22220,139.64862,1708,,0,,,
1709,TN-08,藤岡,,36.25559,139.64560,1709,,0,,,
1710,TN-09,静和,,36.31653,139.68493,1710,,0,,,
1711,TN-10,新大平下,,36.33897,139.70187,1711,,0,,,
1712,TN-11,栃木,,36.37167,139.73149,1712,,0,,,
1713,TN-12,新栃木,,36.39006,139.74235,1713,,0,,,
1714,TN-13,合戦場,,36.40758,139.74102,1714,,0,,,
1715,TN-14,家中,,36.42979,139.74745,1715,,0,,,
1716,TN-15,東武金崎,,36.46630,139.74948,1716,,0,,,
1717,TN-16,楡木,,36.50688,139.74527,1717,,0,,,
1718,TN-17,樅山,,36.53333,139.74174,1718,,0,,,
1719,TN-18,新鹿沼,,36.55683,139.74478,1719,,0,,,
1720,TN-19,北鹿沼,,36.58068,139.73776,1720,,0,,,
1721,TN-20,板荷,,36.61940,139.70778,1721,,0,,,
1722,TN-21,下小代,,36.65111,139.71395,1722,,0,,,
1723,TN-22,明神,,36.67656,139.71221,1723,,0,,,
1724,TN-23,下今市,,36.72560,139.69277,1724,,0,,,
1725,TN-24,上今市,,36.72801,139.68086,1725,,0,,,
1726,TN-25,東武日光,,36.74809,139.61993,1726,,0,,,
1801,TN-12,新栃木,,36.39006,139.74235,1801,,0,,,
1802,TN-31,野州平川,,36.40156,139.75378,1802,,0,,,
1803,TN-32,野州大塚,,36.40877,139.77259,1803,,0,,,
1804,TN-33,壬生,,36.42243,139.80501,1804,,0,,,
1805,TN-34,国谷,,36.45145,139.82385,1805,,0,,,
1806,TN-35,おもちゃのまち,,36.46674,139.82954,1806,,0,,,
1807,TN-36,安塚,,36.48565,139.83562,1807,,0,,,
1808,TN-37,西川田,,36.51425,139.85030,1808,,0,,,
1809,TN-38,江曽島,,36.53096,139.86082,1809,,0,,,
1810,TN-39,南宇都宮,,36.54371,139.87195,1810,,0,,,
1811,TN-40,東武宇都宮,,36.55866,139.88060,1811,,0,,,
1901,TN-23,下今市,,36.72560,139.69277,1901,,0,,,
1902,TN-51,大谷向,,36.73228,139.69194,1902,,0,,,
1903,TN-52,大桑,,36.76082,139.71358,1903,,0,,,
1904,TN-53,新高徳,,36.77977,139.71071,1904,,0,,,
1905,TN-54,小佐越,,36.80224,139.70650,1905,,0,,,
1906,TN-55,東武ワールドスクウェア,,36.80833,139.70889,1906,,0,,,
1907,TN-56,鬼怒川温泉,,36.82252,139.71668,1907,,0,,,
1908,TN-57,鬼怒川公園,,36.84158,139.72282,1908,,0,,,
1909,TN-58,新藤原,,36.85246,139.73301,1909,,0,,,
2001,TD-01,大宮,,35.90775,139.62425,2001,,0,,,
2002,TD-02,北大宮,,35.91794,139.62481,2002,,0,,,
2003,TD-03,大宮公園,,35.92388,139.63308,2003,,0,,,
2004,TD-04,大和田,,35.92935,139.65102,2004,,0,,,
2005,TD-05,七里,,35.93649,139.66601,2005,,0,,,
2006,TD-06,岩槻,,35.95025,139.69313,2006,,0,,,
2007,TD-07,東岩槻,,35.96329,139.71227,2007,,0,,,
2008,TD-08,豊春,,35.96804,139.72619,2008,,0,,,
2009,TD-09,八木崎,,35.97858,139.74230,2009,,0,,,
2010,TD-10,春日部,,35.98007,139.75279,2010,,0,,,
2011,TD-11,藤の牛島,,35.98034,139.77807,2011,,0,,,
2012,TD-12,南桜井,,35.98060,139.80840,2012,,0,,,
2013,TD-13,川間,,35.97919,139.83455,2013,,0,,,
2014,TD-14,七光台,,35.97085,139.85295,2014,,0,,,
2015,TD-15,清水公園,,35.95879,139.86030,2015,,0,,,
2016,TD-16,愛宕,,35.95062,139.86462,2016,,0,,,
2017,TD-17,野田市,,35.94374,139.87079,2017,,0,,,
2018,TD-18,梅郷,,35.93158,139.89109,2018,,0,,,
2019,TD-19,運河,,35.91437,139.90604,2019,,0,,,
2020,TD-20,江戸川台,,35.89723,139.91053,2020,,0,,,
2021,TD-21,初石,,35.88384,139.91791,2021,,0,,,
2022,TD-22,流山おおたかの森,,35.87208,139.92576,2022,,0,,,
2023,TD-23,豊四季,,35.86653,139.93928,2023,,0,,,
2024,TD-24,柏,,35.86199,139.97046,2024,,0,,,
2025,TD-25,新柏,,35.83810,139.96704,2025,,0,,,
2026,TD-26,増尾,,35.82982,139.97632,2026,,0,,,
2027,TD-27,逆井,,35.82328,139.98370,2027,,0,,,
2028,TD-28,高柳,,35.80830,139.99898,2028,,0,,,
2029,TD-29,六実,,35.79371,139.99925,2029,,0,,,
2030,TD-30,新鎌ヶ谷,,35.77961,139.99836,2030,,0,,,
2031,TD-31,鎌ヶ谷,,35.76378,139.99731,2031,,0,,,
2032,TD-32,馬込沢,,35.74165,139.99221,2032,,0,,,
2033,TD-33,塚田,,35.72212,139.98290,2033,,0,,,
2034,TD-34,新船橋,,35.71156,139.97982,2034,,0,,,
2035,TD-35,船橋,,35.70210,139.98436,2035,,0,,,
2101,TJ-01,池袋,,35.73118,139.71117,2101,,0,,,
2102,TJ-02,北池袋,,35.74033,139.71639,2102,,0,,,
2103,TJ-03,下板橋,,35.74507,139.71562,2103,,0,,,
2104,TJ-04,大山,,35.74841,139.70262,2104,,0,,,
2105,TJ-05,中板橋,,35.75628,139.69438,2105,,0,,,
2106,TJ-06,ときわ台,,35.75890,139.68876,2106,,0,,,
2107,TJ-07,上板橋,,35.76362,139.67621,2107,,0,,,
2108,TJ-08,東武練馬,,35.76865,139.66254,2108,,0,,,
2109,TJ-09,下赤塚,,35.77048,139.64485,2109,,0,,,
2110,TJ-10,成増,,35.77759,139.63290,2110,,0,,,
2111,TJ-11,和光市,,35.78835,139.61286,2111,,0,,,
2112,TJ-12,朝霞,,35.79676,139.60030,2112,,0,,,
2113,TJ-13,朝霞台,,35.81434,139.58730,2113,,0,,,
2114,TJ-14,志木,,35.82217,139.57530,2114,,0,,,
2115,TJ-15,柳瀬川,,35.83056,139.56246,2115,,0,,,
2116,TJ-16,みずほ台,,35.83820,139.55079,2116,,0,,,
2117,TJ-17,鶴瀬,,35.84570,139.53931,2117,,0,,,
2118,TJ-18,ふじみ野,,35.86075,139.52309,2118,,0,,,
2119,TJ-19,上福岡,,35.87387,139.51187,2119,,0,,,
2120,TJ-20,新河岸,,35.89102,139.49730,2120,,0,,,
2121,TJ-21,川越,,35.90735,139.48299,2121,,0,,,
2122,TJ-22,川越市,,35.91414,139.47710,2122,,0,,,
2123,TJ-23,霞ヶ関,,35.92546,139.44385,2123,,0,,,
2124,TJ-24,鶴ヶ島,,35.93679,139.42391,2124,,0,,,
2125,TJ-25,若葉,,35.94907,139.40848,2125,,0,,,
2126,TJ-26,坂戸,,35.95724,139.39391,2126,,0,,,
2127,TJ-27,北坂戸,,35.97198,139.39685,2127,,0,,,
2128,TJ-28,高坂,,36.00293,139.39769,2128,,0,,,
2129,TJ-29,東松山,,36.03464,139.40158,2129,,0,,,
2130,TJ-30,森林公園,,36.04516,139.37533,2130,,0,,,
2131,TJ-31,つきのわ,,36.04352,139.34557,2131,,0,,,
2132,TJ-32,武蔵嵐山,,36.04438,139.32774,2132,,0,,,
2133,TJ-33,小川町,,36.05873,139.26065,2133,,0,,,
2134,TJ-34,東武竹沢,,36.07525,139.23761,2134,,0,,,
2135,TJ-35,みなみ寄居<ホンダ寄居前>,,36.09138,139.23647,2135,,0,,,
2136,TJ-36,男衾,,36.10786,139.23400,2136,,0,,,
2137,TJ-37,鉢形,,36.11372,139.20863,2137,,0,,,
2138,TJ-38,玉淀,,36.11696,139.20019,2138,,0,,,
2139,TJ-39,寄居,,36.11731,139.19368,2139,,0,,,
2201,TJ-26,坂戸,,35.95724,139.39391,2201,,0,,,
2202,TJ-41,一本松,,35.94022,139.37008,2202,,0,,,
2203,TJ-42,西大家,,35.93176,139.35646,2203,,0,,,
2204,TJ-43,川角,,35.93761,139.34648,2204,,0,,,
2205,TJ-44,武州長瀬,,35.94199,139.32619,2205,,0,,,
2206,TJ-45,東毛呂,,35.94715,139.31533,2206,,0,,,
2207,TJ-46,武州唐沢,,35.95220,139.30928,2207,,0,,,
2208,TJ-47,越生,,35.96280,139.29961,2208,,0,,,
